# # Radius [mm], Radial platescale [um/arcsec], Azimuthal platescale [um/arcsec]
0.000000 90.900000 90.900000
0.641834 90.900198 90.900198
1.283668 90.900427 90.900427
1.925501 90.900717 90.900717
2.567335 90.901100 90.901100
3.209169 90.901607 90.901607
3.851003 90.902267 90.902267
4.492837 90.903113 90.903113
5.134670 90.904175 90.904175
5.776504 90.905476 90.905476
6.418338 90.907005 90.907005
7.060172 90.908745 90.908745
7.702006 90.910677 90.910677
8.343840 90.912781 90.912781
8.985673 90.915039 90.915039
9.627507 90.917433 90.917433
10.269341 90.919942 90.919942
10.911175 90.922554 90.922554
11.553009 90.925273 90.925273
12.194842 90.928109 90.928109
12.836676 90.931074 90.931074
13.478510 90.934178 90.934178
14.120344 90.937431 90.937431
14.762178 90.940845 90.940845
15.404011 90.944429 90.944429
16.045845 90.948193 90.948193
16.687679 90.952134 90.952134
17.329513 90.956248 90.956248
17.971347 90.960528 90.960528
18.613181 90.964970 90.964970
19.255014 90.969568 90.969568
19.896848 90.974318 90.974318
20.538682 90.979214 90.979214
21.180516 90.984251 90.984251
21.822350 90.989431 90.989431
22.464183 90.994755 90.994755
23.106017 91.000224 91.000224
23.747851 91.005842 91.005842
24.389685 91.011611 91.011611
25.031519 91.017531 91.017531
25.673352 91.023605 91.023605
26.315186 91.029835 91.029835
26.957020 91.036221 91.036221
27.598854 91.042763 91.042763
28.240688 91.049460 91.049460
28.882521 91.056311 91.056311
29.524355 91.063316 91.063316
30.166189 91.070475 91.070475
30.808023 91.077788 91.077788
31.449857 91.085253 91.085253
32.091691 91.092872 91.092872
32.733524 91.100643 91.100643
33.375358 91.108566 91.108566
34.017192 91.116643 91.116643
34.659026 91.124872 91.124872
35.300860 91.133254 91.133254
35.942693 91.141788 91.141788
36.584527 91.150476 91.150476
37.226361 91.159315 91.159315
37.868195 91.168308 91.168308
38.510029 91.177453 91.177453
39.151862 91.186751 91.186751
39.793696 91.196202 91.196202
40.435530 91.205806 91.205806
41.077364 91.215563 91.215563
41.719198 91.225472 91.225472
42.361032 91.235535 91.235535
43.002865 91.245751 91.245751
43.644699 91.256119 91.256119
44.286533 91.266639 91.266639
44.928367 91.277312 91.277312
45.570201 91.288138 91.288138
46.212034 91.299115 91.299115
46.853868 91.310245 91.310245
47.495702 91.321526 91.321526
48.137536 91.332960 91.332960
48.779370 91.344546 91.344546
49.421203 91.356284 91.356284
50.063037 91.368175 91.368175
50.704871 91.380219 91.380219
51.346705 91.392415 91.392415
51.988539 91.404764 91.404764
52.630372 91.417266 91.417266
53.272206 91.429921 91.429921
53.914040 91.442728 91.442728
54.555874 91.455688 91.455688
55.197708 91.468799 91.468799
55.839542 91.482063 91.482063
56.481375 91.495479 91.495479
57.123209 91.509046 91.509046
57.765043 91.522765 91.522765
58.406877 91.536635 91.536635
59.048711 91.550657 91.550657
59.690544 91.564830 91.564830
60.332378 91.579155 91.579155
60.974212 91.593632 91.593632
61.616046 91.608260 91.608260
62.257880 91.623039 91.623039
62.899713 91.637970 91.637970
63.541547 91.653053 91.653053
64.183381 91.668287 91.668287
64.825215 91.683672 91.683672
65.467049 91.699209 91.699209
66.108883 91.714897 91.714897
66.750716 91.730737 91.730737
67.392550 91.746727 91.746727
68.034384 91.762870 91.762870
68.676218 91.779163 91.779163
69.318052 91.795607 91.795607
69.959885 91.812203 91.812203
70.601719 91.828950 91.828950
71.243553 91.845847 91.845847
71.885387 91.862896 91.862896
72.527221 91.880095 91.880095
73.169054 91.897445 91.897445
73.810888 91.914945 91.914945
74.452722 91.932596 91.932596
75.094556 91.950398 91.950398
75.736390 91.968349 91.968349
76.378223 91.986451 91.986451
77.020057 92.004702 92.004702
77.661891 92.023103 92.023103
78.303725 92.041654 92.041654
78.945559 92.060355 92.060355
79.587393 92.079206 92.079206
80.229226 92.098209 92.098209
80.871060 92.117362 92.117362
81.512894 92.136667 92.136667
82.154728 92.156124 92.156124
82.796562 92.175733 92.175733
83.438395 92.195495 92.195495
84.080229 92.215407 92.215407
84.722063 92.235469 92.235469
85.363897 92.255678 92.255678
86.005731 92.276033 92.276033
86.647564 92.296533 92.296533
87.289398 92.317175 92.317175
87.931232 92.337958 92.337958
88.573066 92.358881 92.358881
89.214900 92.379950 92.379950
89.856734 92.401169 92.401169
90.498567 92.422544 92.422544
91.140401 92.444081 92.444081
91.782235 92.465786 92.465786
92.424069 92.487664 92.487664
93.065903 92.509722 92.509722
93.707736 92.531963 92.531963
94.349570 92.554372 92.554372
94.991404 92.576929 92.576929
95.633238 92.599611 92.599611
96.275072 92.622397 92.622397
96.916905 92.645265 92.645265
97.558739 92.668194 92.668194
98.200573 92.691161 92.691161
98.842407 92.714148 92.714148
99.484241 92.737172 92.737172
100.126074 92.760275 92.760275
100.767908 92.783502 92.783502
101.409742 92.806896 92.806896
102.051576 92.830500 92.830500
102.693410 92.854360 92.854360
103.335244 92.878517 92.878517
103.977077 92.903015 92.903015
104.618911 92.927858 92.927858
105.260745 92.953006 92.953006
105.902579 92.978415 92.978415
106.544413 93.004043 93.004043
107.186246 93.029845 93.029845
107.828080 93.055779 93.055779
108.469914 93.081801 93.081801
109.111748 93.107869 93.107869
109.753582 93.133958 93.133958
110.395415 93.160083 93.160083
111.037249 93.186262 93.186262
111.679083 93.212514 93.212514
112.320917 93.238859 93.238859
112.962751 93.265315 93.265315
113.604585 93.291902 93.291902
114.246418 93.318637 93.318637
114.888252 93.345538 93.345538
115.530086 93.372606 93.372606
116.171920 93.399839 93.399839
116.813754 93.427236 93.427236
117.455587 93.454796 93.454796
118.097421 93.482518 93.482518
118.739255 93.510400 93.510400
119.381089 93.538440 93.538440
120.022923 93.566639 93.566639
120.664756 93.594993 93.594993
121.306590 93.623504 93.623504
121.948424 93.652168 93.652168
122.590258 93.680985 93.680985
123.232092 93.709955 93.709955
123.873926 93.739075 93.739075
124.515759 93.768345 93.768345
125.157593 93.797764 93.797764
125.799427 93.827327 93.827327
126.441261 93.857026 93.857026
127.083095 93.886854 93.886854
127.724928 93.916803 93.916803
128.366762 93.946865 93.946865
129.008596 93.977032 93.977032
129.650430 94.007297 94.007297
130.292264 94.037652 94.037652
130.934097 94.068097 94.068097
131.575931 94.098651 94.098651
132.217765 94.129335 94.129335
132.859599 94.160169 94.160169
133.501433 94.191174 94.191174
134.143266 94.222372 94.222372
134.785100 94.253782 94.253782
135.426934 94.285426 94.285426
136.068768 94.317318 94.317318
136.710602 94.349440 94.349440
137.352436 94.381761 94.381761
137.994269 94.414253 94.414253
138.636103 94.446887 94.446887
139.277937 94.479632 94.479632
139.919771 94.512460 94.512460
140.561605 94.545341 94.545341
141.203438 94.578248 94.578248
141.845272 94.611186 94.611186
142.487106 94.644185 94.644185
143.128940 94.677278 94.677278
143.770774 94.710497 94.710497
144.412607 94.743874 94.743874
145.054441 94.777441 94.777441
145.696275 94.811230 94.811230
146.338109 94.845273 94.845273
146.979943 94.879583 94.879583
147.621777 94.914136 94.914136
148.263610 94.948904 94.948904
148.905444 94.983856 94.983856
149.547278 95.018964 95.018964
150.189112 95.054199 95.054199
150.830946 95.089532 95.089532
151.472779 95.124933 95.124933
152.114613 95.160379 95.160379
152.756447 95.195877 95.195877
153.398281 95.231450 95.231450
154.040115 95.267118 95.267118
154.681948 95.302903 95.302903
155.323782 95.338825 95.338825
155.965616 95.374906 95.374906
156.607450 95.411168 95.411168
157.249284 95.447629 95.447629
157.891117 95.484298 95.484298
158.532951 95.521161 95.521161
159.174785 95.558205 95.558205
159.816619 95.595419 95.595419
160.458453 95.632788 95.632788
161.100287 95.670300 95.670300
161.742120 95.707942 95.707942
162.383954 95.745701 95.745701
163.025788 95.783568 95.783568
163.667622 95.821544 95.821544
164.309456 95.859634 95.859634
164.951289 95.897844 95.897844
165.593123 95.936179 95.936179
166.234957 95.974644 95.974644
166.876791 96.013244 96.013244
167.518625 96.051985 96.051985
168.160458 96.090870 96.090870
168.802292 96.129903 96.129903
169.444126 96.169084 96.169084
170.085960 96.208412 96.208412
170.727794 96.247887 96.247887
171.369628 96.287510 96.287510
172.011461 96.327280 96.327280
172.653295 96.367198 96.367198
173.295129 96.407262 96.407262
173.936963 96.447474 96.447474
174.578797 96.487829 96.487829
175.220630 96.528327 96.528327
175.862464 96.568963 96.568963
176.504298 96.609735 96.609735
177.146132 96.650642 96.650642
177.787966 96.691679 96.691679
178.429799 96.732845 96.732845
179.071633 96.774136 96.774136
179.713467 96.815554 96.815554
180.355301 96.857102 96.857102
180.997135 96.898783 96.898783
181.638968 96.940601 96.940601
182.280802 96.982558 96.982558
182.922636 97.024660 97.024660
183.564470 97.066908 97.066908
184.206304 97.109307 97.109307
184.848138 97.151859 97.151859
185.489971 97.194560 97.194560
186.131805 97.237406 97.237406
186.773639 97.280391 97.280391
187.415473 97.323512 97.323512
188.057307 97.366764 97.366764
188.699140 97.410141 97.410141
189.340974 97.453640 97.453640
189.982808 97.497255 97.497255
190.624642 97.540989 97.540989
191.266476 97.584853 97.584853
191.908309 97.628857 97.628857
192.550143 97.673014 97.673014
193.191977 97.717334 97.717334
193.833811 97.761830 97.761830
194.475645 97.806511 97.806511
195.117479 97.851390 97.851390
195.759312 97.896476 97.896476
196.401146 97.941752 97.941752
197.042980 97.987195 97.987195
197.684814 98.032777 98.032777
198.326648 98.078474 98.078474
198.968481 98.124260 98.124260
199.610315 98.170109 98.170109
200.252149 98.215995 98.215995
200.893983 98.261894 98.261894
201.535817 98.307796 98.307796
202.177650 98.353740 98.353740
202.819484 98.399774 98.399774
203.461318 98.445944 98.445944
204.103152 98.492297 98.492297
204.744986 98.538879 98.538879
205.386819 98.585738 98.585738
206.028653 98.632919 98.632919
206.670487 98.680469 98.680469
207.312321 98.728380 98.728380
207.954155 98.776590 98.776590
208.595989 98.825028 98.825028
209.237822 98.873629 98.873629
209.879656 98.922323 98.922323
210.521490 98.971044 98.971044
211.163324 99.019723 99.019723
211.805158 99.068292 99.068292
212.446991 99.116692 99.116692
213.088825 99.164939 99.164939
213.730659 99.213090 99.213090
214.372493 99.261205 99.261205
215.014327 99.309343 99.309343
215.656160 99.357561 99.357561
216.297994 99.405918 99.405918
216.939828 99.454473 99.454473
217.581662 99.503285 99.503285
218.223496 99.552400 99.552400
218.865330 99.601813 99.601813
219.507163 99.651503 99.651503
220.148997 99.701449 99.701449
220.790831 99.751632 99.751632
221.432665 99.802030 99.802030
222.074499 99.852624 99.852624
222.716332 99.903392 99.903392
223.358166 99.954315 99.954315
224.000000 100.005381 100.005381
224.641834 100.056599 100.056599
